   3.4669891e+02
   3.4655242e+02
   3.4614999e+02
   3.5330562e+02
   3.6157537e+02
   3.6912295e+02
   3.7619024e+02
   3.7484792e+02
   3.7151876e+02
   3.6858175e+02
   3.6560517e+02
   3.6310705e+02
   3.6090405e+02
   3.5898405e+02
   3.5721118e+02
   3.5589555e+02
   3.5485271e+02
   3.5386465e+02
   3.5301364e+02
   3.5208232e+02
   3.5119749e+02
   3.5044040e+02
   3.4985088e+02
   3.4939041e+02
   3.4877315e+02
   3.4816816e+02
   3.4783320e+02
   3.4750561e+02
   3.4722760e+02
   3.4683735e+02
   3.4645978e+02
   3.5004745e+02
   3.5863828e+02
   3.6625161e+02
   3.7306165e+02
   3.7527451e+02
   3.7173851e+02
   3.6875650e+02
   3.6613527e+02
   3.6366029e+02
   3.6176697e+02
   3.5968640e+02
   3.5811819e+02
   3.5685333e+02
   3.5563911e+02
   3.5474348e+02
   3.5366152e+02
   3.5257236e+02
   3.5171533e+02
   3.5126175e+02
   3.5071754e+02
   3.5008386e+02
   3.4942388e+02
   3.4873064e+02
   3.4817560e+02
   3.4769289e+02
   3.4728326e+02
   3.4692831e+02
   3.4642350e+02
   3.4754583e+02
   3.5620490e+02
   3.6388843e+02
   3.7101124e+02
   3.7585760e+02
   3.7254534e+02
   3.6976172e+02
   3.6710252e+02
   3.6478637e+02
   3.6287031e+02
   3.6073339e+02
   3.5887456e+02
   3.5726211e+02
   3.5592242e+02
   3.5476031e+02
   3.5375639e+02
   3.5271826e+02
   3.5151320e+02
   3.5101701e+02
   3.5037129e+02
   3.4980222e+02
   3.4945793e+02
   3.4869914e+02
   3.4823504e+02
   3.4800275e+02
   3.4758890e+02
   3.4720982e+02
   3.4653137e+02
   3.4606608e+02
   3.5358216e+02
   3.6181017e+02
   3.6921831e+02
   3.7582301e+02
   3.7398137e+02
   3.7099668e+02
   3.6856106e+02
   3.6574798e+02
   3.6329525e+02
   3.6104199e+02
   3.5908638e+02
   3.5774417e+02
   3.5619693e+02
   3.5502879e+02
   3.5390222e+02
   3.5291843e+02
   3.5227567e+02
   3.5133719e+02
   3.5034677e+02
   3.4960293e+02
   3.4903253e+02
   3.4863278e+02
   3.4861433e+02
   3.4841624e+02
   3.4794383e+02
   3.4736846e+02
   3.4689504e+02
   3.4626561e+02
   3.5054495e+02
   3.5906235e+02
   3.6639375e+02
   3.7334661e+02
   3.7474126e+02
   3.7138639e+02
   3.6869353e+02
   3.6605218e+02
   3.6383436e+02
   3.6183367e+02
   3.6003538e+02
   3.5841591e+02
   3.5688078e+02
   3.5574301e+02
   3.5447862e+02
   3.5336316e+02
   3.5238500e+02
   3.5155944e+02
   3.5092363e+02
   3.5047298e+02
   3.4976893e+02
   3.4913754e+02
   3.4846452e+02
   3.4794028e+02
   3.4768182e+02
   3.4738423e+02
   3.4686802e+02
   3.4654071e+02
   3.4831455e+02
   3.5653927e+02
   3.6414896e+02
   3.7071952e+02
   3.7472814e+02
   3.7156557e+02
   3.6869394e+02
   3.6612125e+02
   3.6407365e+02
   3.6220665e+02
   3.6057897e+02
   3.5896135e+02
   3.5722040e+02
   3.5582636e+02
   3.5449061e+02
   3.5346135e+02
   3.5242821e+02
   3.5153386e+02
   3.5089108e+02
   3.5027032e+02
   3.4980055e+02
   3.4928403e+02
   3.4877402e+02
   3.4816749e+02
   3.4768995e+02
   3.4722276e+02
   3.4666322e+02
   3.4640713e+02
   3.4628393e+02
   3.5445965e+02
   3.6271612e+02
   3.6979237e+02
   3.7584180e+02
   3.7317153e+02
   3.7007197e+02
   3.6748675e+02
   3.6531702e+02
   3.6308991e+02
   3.6098523e+02
   3.5932952e+02
   3.5769098e+02
   3.5625156e+02
   3.5529088e+02
   3.5398356e+02
   3.5309650e+02
   3.5236200e+02
   3.5124070e+02
   3.5065573e+02
   3.5006716e+02
   3.4937651e+02
   3.4904205e+02
   3.4862722e+02
   3.4823949e+02
   3.4810210e+02
   3.4766981e+02
   3.4726038e+02
   3.4680755e+02
   3.5187695e+02
   3.6004009e+02
   3.6749838e+02
   3.7370828e+02
   3.7404758e+02
   3.7086779e+02
   3.6783709e+02
   3.6558191e+02
   3.6323478e+02
   3.6124162e+02
   3.5971280e+02
   3.5816270e+02
   3.5674358e+02
   3.5536522e+02
   3.5379556e+02
   3.5278197e+02
   3.5192610e+02
   3.5134954e+02
   3.5077227e+02
   3.5019860e+02
   3.4956806e+02
   3.4891012e+02
   3.4837443e+02
   3.4787335e+02
   3.4749897e+02
   3.4727255e+02
   3.4711134e+02
   3.4696778e+02
   3.4922963e+02
   3.5749457e+02
   3.6475421e+02
   3.7124865e+02
   3.7503134e+02
   3.7180814e+02
   3.6912385e+02
   3.6639944e+02
   3.6381861e+02
   3.6177021e+02
   3.5984370e+02
   3.5827827e+02
   3.5668911e+02
   3.5528843e+02
   3.5431141e+02
   3.5347373e+02
   3.5251215e+02
   3.5168285e+02
   3.5078359e+02
   3.4990034e+02
   3.4960638e+02
   3.4903469e+02
   3.4852712e+02
   3.4817084e+02
   3.4768718e+02
   3.4736967e+02
   3.4706677e+02
   3.4686236e+02
   3.4699946e+02
   3.5490016e+02
   3.6225745e+02
   3.6887595e+02
   3.7461935e+02
   3.7208793e+02
   3.6923758e+02
   3.6674445e+02
   3.6435927e+02
   3.6230719e+02
   3.6072909e+02
   3.5909480e+02
   3.5752156e+02
   3.5617907e+02
   3.5490780e+02
   3.5389977e+02
   3.5293050e+02
   3.5217861e+02
   3.5161219e+02
   3.5078321e+02
   3.5003844e+02
   3.4911271e+02
   3.4848381e+02
   3.4803819e+02
   3.4784893e+02
   3.4766219e+02
   3.4721077e+02
   3.4708031e+02
   3.4679548e+02
   3.5283992e+02
   3.6100968e+02
   3.6787551e+02
   3.7430493e+02
   3.7368748e+02
   3.7027436e+02
   3.6771262e+02
   3.6527662e+02
   3.6288071e+02
   3.6088477e+02
   3.5904838e+02
   3.5715421e+02
   3.5596706e+02
   3.5503716e+02
   3.5381622e+02
   3.5307689e+02
   3.5200407e+02
   3.5101191e+02
   3.5050929e+02
   3.4992641e+02
   3.4931625e+02
   3.4898412e+02
   3.4835680e+02
   3.4788143e+02
   3.4770990e+02
   3.4713991e+02
   3.4706737e+02
   3.4670912e+02
   3.4948500e+02
   3.5780071e+02
   3.6486223e+02
   3.7149876e+02
   3.7439694e+02
   3.7100731e+02
   3.6841156e+02
   3.6581159e+02
   3.6350682e+02
   3.6176913e+02
   3.5986143e+02
   3.5805612e+02
   3.5679342e+02
   3.5528056e+02
   3.5418473e+02
   3.5330320e+02
   3.5222346e+02
   3.5160344e+02
   3.5084427e+02
   3.5021265e+02
   3.4954369e+02
   3.4896727e+02
   3.4828238e+02
   3.4790433e+02
   3.4746554e+02
   3.4708914e+02
   3.4700888e+02
   3.4666203e+02
   3.4717590e+02
   3.5548994e+02
   3.6307097e+02
   3.6993562e+02
   3.7500991e+02
   3.7204269e+02
   3.6908533e+02
   3.6643714e+02
   3.6434875e+02
   3.6233140e+02
   3.6061327e+02
   3.5905833e+02
   3.5779950e+02
   3.5633444e+02
   3.5522801e+02
   3.5430361e+02
   3.5346205e+02
   3.5270045e+02
   3.5177598e+02
   3.5096848e+02
   3.5029813e+02
   3.4979088e+02
   3.4923414e+02
   3.4864485e+02
   3.4809099e+02
   3.4777706e+02
   3.4727490e+02
   3.4710210e+02
   3.4692075e+02
   3.5323215e+02
   3.6093395e+02
   3.6749169e+02
   3.7343649e+02
   3.7214328e+02
   3.6940690e+02
   3.6694591e+02
   3.6483712e+02
   3.6299794e+02
   3.6116728e+02
   3.5956104e+02
   3.5796009e+02
   3.5641076e+02
   3.5514744e+02
   3.5385021e+02
   3.5288485e+02
   3.5200165e+02
   3.5111533e+02
   3.5057902e+02
   3.4981784e+02
   3.4922611e+02
   3.4849797e+02
   3.4803556e+02
   3.4771453e+02
   3.4740438e+02
   3.4716677e+02
   3.4690809e+02
   3.4666981e+02
   3.5028218e+02
   3.5838819e+02
   3.6559490e+02
   3.7181658e+02
   3.7362797e+02
   3.7061886e+02
   3.6764379e+02
   3.6545180e+02
   3.6324072e+02
   3.6120740e+02
   3.5953752e+02
   3.5779389e+02
   3.5651703e+02
   3.5552419e+02
   3.5460849e+02
   3.5351832e+02
   3.5269281e+02
   3.5150381e+02
   3.5071077e+02
   3.5025138e+02
   3.4969721e+02
   3.4918409e+02
   3.4865753e+02
   3.4835227e+02
   3.4791192e+02
   3.4765949e+02
   3.4758129e+02
   3.4699272e+02
   3.4779574e+02
   3.5594483e+02
   3.6302414e+02
   3.6946750e+02
   3.7430359e+02
   3.7123972e+02
   3.6810548e+02
   3.6570596e+02
   3.6331277e+02
   3.6132502e+02
   3.5981316e+02
   3.5815401e+02
   3.5658767e+02
   3.5552578e+02
   3.5456783e+02
   3.5380019e+02
   3.5307573e+02
   3.5215084e+02
   3.5112503e+02
   3.5035528e+02
   3.4979196e+02
   3.4920207e+02
   3.4878166e+02
   3.4852200e+02
   3.4814495e+02
   3.4759843e+02
   3.4749346e+02
   3.4700129e+02
   3.4656235e+02
   3.5377402e+02
   3.6122912e+02
   3.6803307e+02
   3.7419459e+02
   3.7222266e+02
   3.6925243e+02
   3.6682747e+02
   3.6459920e+02
   3.6245595e+02
   3.6058579e+02
   3.5889545e+02
   3.5737963e+02
   3.5620604e+02
   3.5495502e+02
   3.5382610e+02
   3.5296338e+02
   3.5195080e+02
   3.5120457e+02
   3.5049334e+02
   3.4973684e+02
   3.4924878e+02
   3.4878635e+02
   3.4805782e+02
   3.4756366e+02
   3.4711353e+02
   3.4674716e+02
   3.4675133e+02
   3.4657761e+02
   3.5102990e+02
   3.5877284e+02
   3.6573697e+02
   3.7191169e+02
   3.7304184e+02
   3.6990703e+02
   3.6717925e+02
   3.6477343e+02
   3.6242010e+02
   3.6069415e+02
   3.5882844e+02
   3.5743086e+02
   3.5623306e+02
   3.5513018e+02
   3.5424806e+02
   3.5309783e+02
   3.5217884e+02
   3.5122513e+02
   3.5036995e+02
   3.4986406e+02
   3.4919523e+02
   3.4885402e+02
   3.4837816e+02
   3.4814340e+02
   3.4807383e+02
   3.4779798e+02
   3.4759801e+02
   3.4705393e+02
   3.4838485e+02
   3.5642898e+02
   3.6366870e+02
   3.7007563e+02
   3.7391678e+02
   3.7067938e+02
   3.6769497e+02
   3.6517207e+02
   3.6297661e+02
   3.6083081e+02
   3.5916000e+02
   3.5772572e+02
   3.5641472e+02
   3.5549712e+02
   3.5459773e+02
   3.5371980e+02
   3.5288850e+02
   3.5188791e+02
   3.5108064e+02
   3.5029355e+02
   3.5011999e+02
   3.4967107e+02
   3.4920424e+02
   3.4884707e+02
   3.4811603e+02
   3.4780523e+02
   3.4742087e+02
   3.4708412e+02
   3.4701518e+02
   3.5461744e+02
   3.6216607e+02
   3.6859310e+02
   3.7457614e+02
   3.7199725e+02
   3.6891405e+02
   3.6656158e+02
   3.6404989e+02
   3.6220086e+02
   3.6058229e+02
   3.5883238e+02
   3.5725490e+02
   3.5577611e+02
   3.5476967e+02
   3.5411353e+02
   3.5333709e+02
   3.5243042e+02
   3.5154935e+02
   3.5052540e+02
   3.4969857e+02
   3.4907594e+02
   3.4839645e+02
   3.4809773e+02
   3.4780297e+02
   3.4750401e+02
   3.4706425e+02
   3.4666330e+02
   3.4621430e+02
   3.4597103e+02
   3.4606328e+02
   3.4608234e+02
   3.4602138e+02
   3.4604444e+02
   3.4570614e+02
   3.4526257e+02
   3.4509897e+02
   3.4473838e+02
   3.4465208e+02
   3.4463424e+02
   3.4447489e+02
   3.4428202e+02
   3.4396894e+02
   3.4382554e+02
   3.4351873e+02
   3.4340718e+02
   3.4350301e+02
   3.4331859e+02
   3.4371443e+02
   3.4364726e+02
   3.4351101e+02
   3.4347465e+02
   3.4304753e+02
   3.4311600e+02
   3.4306729e+02
   3.4305818e+02
   3.4300226e+02
   3.4296992e+02
   3.4289355e+02
   3.4284821e+02
   3.4296616e+02
   3.4302604e+02
   3.4299285e+02
   3.4304876e+02
   3.4285150e+02
   3.4277389e+02
   3.4272698e+02
   3.4255373e+02
   3.4270192e+02
   3.4261983e+02
   3.4267480e+02
   3.4276571e+02
   3.4246848e+02
   3.4239684e+02
   3.4251145e+02
   3.4246024e+02
   3.4254694e+02
   3.4251335e+02
   3.4229569e+02
   3.4214678e+02
   3.4219737e+02
   3.4199156e+02
   3.4206050e+02
   3.4220349e+02
   3.4211855e+02
   3.4230382e+02
   3.4216952e+02
   3.4197401e+02
   3.4210880e+02
   3.4199349e+02
   3.4222678e+02
   3.4234327e+02
   3.4244959e+02
   3.4259364e+02
   3.4243379e+02
   3.4239123e+02
   3.4198472e+02
   3.4197169e+02
   3.4211209e+02
   3.4208239e+02
   3.4231439e+02
   3.4231820e+02
   3.4208389e+02
   3.4215583e+02
   3.4220367e+02
   3.4211567e+02
   3.4202306e+02
   3.4215110e+02
   3.4206943e+02
   3.4205687e+02
   3.4215344e+02
   3.4201124e+02
   3.4202396e+02
   3.4200512e+02
   3.4196614e+02
   3.4191001e+02
   3.4206430e+02
   3.4208404e+02
   3.4213589e+02
   3.4198119e+02
   3.4185853e+02
   3.4192193e+02
   3.4203217e+02
   3.4221983e+02
   3.4215879e+02
   3.4217048e+02
   3.4206991e+02
   3.4215223e+02
   3.4222047e+02
   3.4210658e+02
   3.4212848e+02
   3.4207215e+02
   3.4221705e+02
   3.4245572e+02
   3.4241820e+02
   3.4231959e+02
   3.4212107e+02
   3.4193670e+02
   3.4184363e+02
   3.4175042e+02
   3.4178720e+02
   3.4180415e+02
   3.4167691e+02
   3.4184064e+02
   3.4196606e+02
   3.4185132e+02
   3.4211379e+02
   3.4170676e+02
   3.4155684e+02
   3.4158034e+02
   3.4160488e+02
   3.4186581e+02
   3.4176839e+02
   3.4166276e+02
   3.4142157e+02
   3.4144712e+02
   3.4136045e+02
   3.4148286e+02
   3.4162009e+02
   3.4159691e+02
   3.4166250e+02
   3.4159287e+02
   3.4161965e+02
   3.4149480e+02
   3.4164093e+02
   3.4162853e+02
   3.4167274e+02
   3.4170882e+02
   3.4165424e+02
   3.4167403e+02
   3.4156176e+02
   3.4168736e+02
   3.4143896e+02
   3.4149949e+02
   3.4151660e+02
   3.4149949e+02
   3.4167107e+02
   3.4153965e+02
   3.4139597e+02
   3.4142368e+02
   3.4153011e+02
   3.4157177e+02
   3.4168808e+02
   3.4165439e+02
   3.4154742e+02
   3.4145011e+02
   3.4151456e+02
   3.4166353e+02
   3.4167228e+02
   3.4195142e+02
   3.4207933e+02
   3.4185832e+02
   3.4196405e+02
   3.4205602e+02
   3.4193021e+02
   3.4193899e+02
   3.4201024e+02
   3.4178943e+02
   3.4179270e+02
   3.4200913e+02
   3.4169811e+02
   3.4178565e+02
   3.4169142e+02
   3.4154125e+02
   3.4169132e+02
   3.4170524e+02
   3.4186064e+02
   3.4203723e+02
   3.4210985e+02
   3.4206966e+02
   3.4203708e+02
   3.4196606e+02
   3.4195216e+02
   3.4195227e+02
   3.4193693e+02
   3.4197108e+02
   3.4184772e+02
   3.4191140e+02
   3.4199647e+02
   3.4184700e+02
   3.4206901e+02
   3.4193631e+02
   3.4193680e+02
   3.4216582e+02
   3.4194689e+02
   3.4186504e+02
   3.4177297e+02
   3.4148194e+02
   3.4166414e+02
   3.4175915e+02
   3.4180143e+02
   3.4190680e+02
   3.4167132e+02
   3.4148631e+02
   3.4138848e+02
   3.4146472e+02
   3.4167104e+02
   3.4177412e+02
   3.4177263e+02
   3.4181959e+02
   3.4180544e+02
   3.4179461e+02
   3.4184321e+02
   3.4174173e+02
   3.4161582e+02
   3.4149866e+02
   3.4161564e+02
   3.4173149e+02
   3.4187512e+02
   3.4199702e+02
   3.4181488e+02
   3.4175266e+02
   3.4160110e+02
   3.4154133e+02
   3.4163602e+02
   3.4151884e+02
   3.4164214e+02
   3.4190667e+02
   3.4186365e+02
   3.4214178e+02
   3.4214122e+02
   3.4201235e+02
   3.4202105e+02
   3.4179373e+02
   3.4189254e+02
   3.4189368e+02
   3.4190945e+02
   3.4192291e+02
   3.4174716e+02
   3.4193886e+02
   3.4202527e+02
   3.4194107e+02
   3.4198502e+02
   3.4187090e+02
   3.4162140e+02
   3.4166085e+02
   3.4153821e+02
   3.4142913e+02
   3.4161718e+02
   3.4201060e+02
   3.4219438e+02
   3.4217778e+02
   3.4200095e+02
   3.4176365e+02
